|ra       |dec      |j_m   |h_m   |k_m   |j_h   |h_k   |j_k   |
|double   |double   |double|double|double|double|double|double|
|deg      |deg      |mag   |mag   |mag   |      |      |      |
 51.822192 31.433186 16.059 15.291 15.254 0.7680 0.0370 0.8050 
 51.772692 31.462254 16.703 15.544 14.950 1.1590 0.5940 1.7530 
 51.783478 31.439379 17.032 15.920 16.257 1.1120 -      -      
 51.789078 31.442650 16.839 16.166 15.528 0.6730 -      -      
 51.815748 31.438679 13.425 12.845 12.632 0.5800 0.2130 0.7930 
 51.833161 31.497425 16.675 15.776 15.550 0.8990 0.2260 1.1250 
 51.788880 31.494652 16.781 15.942 15.745 0.8390 0.1970 1.0360 
 51.756212 31.493860 13.206 12.617 12.335 0.5890 0.2820 0.8710 
 51.824881 31.495440 14.314 13.764 13.499 0.5500 0.2650 0.8150 
 51.795392 31.468904 15.647 14.654 14.517 0.9930 0.1370 1.1300 
 51.826776 31.483883 13.766 12.737 12.305 1.0290 0.4320 1.4610 
 51.825581 31.484842 15.477 14.487 14.043 0.9900 0.4440 1.4340 
 51.776465 31.382437 15.611 14.744 14.600 0.8670 0.1440 1.0110 
 51.779335 31.389769 15.553 15.195 14.845 0.3580 0.3500 0.7080 
 51.758046 31.357567 16.502 15.369 15.281 1.1330 0.0880 1.2210 
 51.755967 31.366734 9.902  8.649  8.177  1.2530 0.4720 1.7250 
 51.750882 31.345146 14.980 14.372 14.139 0.6080 0.2330 0.8410 
 51.787359 31.424786 16.852 15.752 15.649 1.1000 0.1030 1.2030 
 51.771432 31.405975 16.802 15.738 15.389 1.0640 0.3490 1.4130 
 51.777499 31.415550 14.893 13.896 13.473 0.9970 0.4230 1.4200 
 51.763825 31.456949 14.665 13.733 13.323 0.9320 0.4100 1.3420 
 51.770598 31.452765 14.124 13.194 12.860 0.9300 0.3340 1.2640 
 51.751547 31.435677 16.035 15.243 14.742 0.7920 0.5010 1.2930 
 51.753265 31.439066 15.806 15.184 15.110 0.6220 0.0740 0.6960 
 51.767128 31.436150 15.631 14.806 14.719 0.8250 0.0870 0.9120 
 51.750876 31.433632 13.987 13.322 13.043 0.6650 0.2790 0.9440 
 51.759559 31.433165 14.325 13.690 13.471 0.6350 0.2190 0.8540 
 51.756283 31.419899 15.063 14.240 13.759 0.8230 0.4810 1.3040 
 51.760629 31.472122 16.204 15.427 15.210 0.7770 0.2170 0.9940 
 51.753601 31.468702 16.299 15.460 15.050 0.8390 0.4100 1.2490 
 51.751749 31.466305 17.202 16.207 15.592 0.9950 0.6150 1.6100 
 51.754484 31.484541 10.693 10.255 10.170 0.4380 0.0850 0.5230 
 51.758559 31.460094 14.854 13.652 13.186 1.2020 0.4660 1.6680 
 52.245168 31.133392 16.841 16.075 15.184 -      -      -      
 52.232254 31.110941 16.130 14.189 13.458 1.9410 0.7310 2.6720 
 52.209985 31.041164 16.397 15.354 15.323 -      -      1.0740 
 52.188069 31.073530 16.599 15.086 14.622 1.5130 0.4640 1.9770 
 52.202223 31.055796 14.854 13.958 13.480 0.8960 0.4780 1.3740 
 52.240019 31.040405 13.670 12.876 12.568 0.7940 0.3080 1.1020 
 52.222287 31.045927 15.569 14.564 14.097 1.0050 0.4670 1.4720 
 52.216060 31.060274 15.615 14.727 14.519 0.8880 0.2080 1.0960 
 52.219959 31.063765 15.603 14.625 14.325 0.9780 0.3000 1.2780 
 52.217510 31.061516 14.117 13.013 12.612 1.1040 0.4010 1.5050 
 52.223355 31.056736 13.041 12.319 12.074 0.7220 0.2450 0.9670 
 52.236654 31.073158 16.601 15.674 15.019 0.9270 0.6550 1.5820 
 52.143754 31.014170 15.001 13.189 12.012 1.8120 1.1770 2.9890 
 52.235950 31.032963 14.125 12.946 12.653 1.1790 0.2930 1.4720 
 52.171880 31.034349 16.182 15.588 14.860 -      0.7280 -      
 52.179168 31.000650 12.846 12.059 11.727 0.7870 0.3320 1.1190 
 52.206054 31.012930 16.264 16.141 14.814 -      -      -      
 52.203427 31.021713 13.996 12.983 12.625 1.0130 0.3580 1.3710 
 52.183600 31.018097 16.741 15.501 15.134 1.2400 0.3670 1.6070 
 52.226909 31.024120 14.017 13.364 13.160 0.6530 0.2040 0.8570 
 52.215805 31.007481 16.249 15.170 14.776 1.0790 0.3940 1.4730 
 52.227275 31.008469 15.495 14.648 14.271 0.8470 0.3770 1.2240 
 52.224902 31.014277 16.608 16.145 15.664 0.4630 0.4810 0.9440 
 51.872880 31.401991 15.681 14.965 14.697 0.7160 0.2680 0.9840 
 51.837209 31.426208 15.433 14.701 14.333 0.7320 0.3680 1.1000 
 51.931837 31.407581 16.869 15.830 15.528 1.0390 0.3020 1.3410 
 51.916346 31.428350 15.115 14.472 14.242 0.6430 0.2300 0.8730 
 51.915142 31.435253 13.962 13.436 13.267 0.5260 0.1690 0.6950 
 51.928251 31.439257 14.925 13.840 13.511 1.0850 0.3290 1.4140 
 51.887327 31.400509 14.990 13.994 13.659 0.9960 0.3350 1.3310 
 51.912552 31.403326 17.037 16.004 15.214 1.0330 0.7900 1.8230 
 51.902392 31.403002 15.181 14.442 14.271 0.7390 0.1710 0.9100 
 51.904142 31.420313 14.420 13.809 13.646 0.6110 0.1630 0.7740 
 51.911443 31.413206 16.234 15.526 15.129 0.7080 0.3970 1.1050 
 51.871531 31.492657 12.421 11.769 11.477 0.6520 0.2920 0.9440 
 51.892745 31.489439 15.965 14.982 14.371 0.9830 0.6110 1.5940 
 51.886301 31.492008 16.583 15.596 15.035 0.9870 0.5610 1.5480 
 51.885211 31.498535 16.776 15.505 15.148 1.2710 0.3570 1.6280 
 51.848604 31.460712 15.524 14.568 14.408 0.9560 0.1600 1.1160 
 51.859075 31.475920 14.253 13.505 13.306 0.7480 0.1990 0.9470 
 51.862167 31.467165 14.953 14.241 14.001 0.7120 0.2400 0.9520 
 51.884398 31.482327 15.249 14.326 13.961 0.9230 0.3650 1.2880 
 51.896574 31.448175 13.341 12.742 12.574 0.5990 0.1680 0.7670 
 51.872577 31.420277 16.258 15.308 15.132 0.9500 0.1760 1.1260 
 51.870361 31.434216 15.182 14.173 13.960 1.0090 0.2130 1.2220 
 51.895195 31.437515 16.863 15.605 15.194 1.2580 0.4110 1.6690 
 52.066403 31.431831 15.850 15.200 14.715 0.6500 0.4850 1.1350 
 52.065876 31.424900 17.310 15.918 15.506 1.3920 0.4120 1.8040 
 52.059345 31.414867 16.255 15.000 14.594 1.2550 0.4060 1.6610 
 52.076383 31.399797 16.411 15.447 14.819 0.9640 0.6280 1.5920 
 52.045831 31.492184 16.693 16.063 15.697 0.6300 0.3660 0.9960 
 52.003000 31.455517 16.600 14.735 13.832 1.8650 0.9030 2.7680 
 52.037096 31.453470 17.260 16.442 15.283 -      1.1590 -      
 52.015972 31.396366 15.860 14.972 14.623 0.8880 0.3490 1.2370 
 52.020753 31.398138 15.611 14.616 14.166 0.9950 0.4500 1.4450 
 52.019310 31.417673 16.634 15.805 15.173 0.8290 0.6320 1.4610 
 51.987371 31.427311 17.303 15.761 15.632 1.5420 -      -      
 51.997424 31.437124 17.171 16.033 15.473 1.1380 0.5600 1.6980 
 52.010681 31.434258 17.440 15.601 15.124 1.8390 0.4770 2.3160 
 52.031817 31.445103 15.974 14.474 13.719 1.5000 0.7550 2.2550 
 52.038705 31.406845 16.141 15.140 14.615 1.0010 0.5250 1.5260 
 52.035862 31.422153 16.246 15.040 14.567 1.2060 0.4730 1.6790 
 52.038942 31.427958 16.907 16.006 15.691 0.9010 0.3150 1.2160 
 52.040805 31.434132 15.255 14.229 13.899 1.0260 0.3300 1.3560 
 51.984464 31.450218 16.836 14.897 13.967 1.9390 0.9300 2.8690 
 51.981026 31.434099 12.284 11.533 11.189 0.7510 0.3440 1.0950 
 51.933794 31.447828 17.009 16.159 15.657 0.8500 0.5020 1.3520
