lambda    albedo   <cos>  C_ext/H    K_abs   <cos^2>
 (micron)                   (cm^2/H)  (cm^2/g)          comment
----------- ------  ------ --------- --------- ------- --------
4.89779E+00 0.1537 -0.0435 1.218E-23 5.515E+02 0.39889
4.78630E+00 0.1615 -0.0418 1.270E-23 5.695E+02 0.39886
4.75000E+00 0.1641 -0.0412 1.288E-23 5.757E+02 0.39886 M filter
4.67735E+00 0.1695 -0.0399 1.325E-23 5.885E+02 0.39884
4.57088E+00 0.1775 -0.0378 1.383E-23 6.084E+02 0.39881
4.46684E+00 0.1857 -0.0355 1.444E-23 6.291E+02 0.39879
4.36516E+00 0.1939 -0.0330 1.509E-23 6.508E+02 0.39877
4.26580E+00 0.2022 -0.0302 1.578E-23 6.733E+02 0.39876
4.16869E+00 0.2106 -0.0273 1.650E-23 6.966E+02 0.39875
4.07380E+00 0.2191 -0.0241 1.725E-23 7.205E+02 0.39875
4.05120E+00 0.2212 -0.0233 1.744E-23 7.264E+02 0.39875 Br alpha (5-4)
3.98107E+00 0.2277 -0.0207 1.804E-23 7.452E+02 0.39875
3.89045E+00 0.2363 -0.0171 1.886E-23 7.705E+02 0.39876
3.80189E+00 0.2450 -0.0133 1.973E-23 7.966E+02 0.39877
3.80000E+00 0.2452 -0.0132 1.975E-23 7.972E+02 0.39877 Lprime filter
3.71535E+00 0.2537 -0.0092 2.063E-23 8.236E+02 0.39878
3.63078E+00 0.2624 -0.0049 2.158E-23 8.514E+02 0.39881
3.54813E+00 0.2711 -0.0004 2.257E-23 8.801E+02 0.39884
3.46737E+00 0.2797  0.0045 2.361E-23 9.096E+02 0.39888
3.45000E+00 0.2816  0.0056 2.384E-23 9.162E+02 0.39889 L filter
3.38844E+00 0.2883  0.0096 2.470E-23 9.405E+02 0.39893
3.31131E+00 0.2943  0.0149 2.606E-23 9.838E+02 0.39898
3.23594E+00 0.3054  0.0204 2.701E-23 1.004E+03 0.39904
3.16228E+00 0.3143  0.0262 2.821E-23 1.035E+03 0.39911
3.09030E+00 0.3228  0.0321 2.947E-23 1.068E+03 0.39919
3.01995E+00 0.3313  0.0382 3.080E-23 1.102E+03 0.39927
2.95121E+00 0.3397  0.0445 3.219E-23 1.137E+03 0.39935
2.88403E+00 0.3479  0.0509 3.363E-23 1.173E+03 0.39945
2.81838E+00 0.3561  0.0575 3.513E-23 1.210E+03 0.39955
2.75423E+00 0.3642  0.0641 3.668E-23 1.247E+03 0.39966
2.69153E+00 0.3722  0.0709 3.830E-23 1.286E+03 0.39978
2.63027E+00 0.3800  0.0776 3.997E-23 1.326E+03 0.39992
2.62520E+00 0.3807  0.0782 4.012E-23 1.329E+03 0.39993 Br beta (6-4)
2.57040E+00 0.3878  0.0844 4.171E-23 1.366E+03 0.40007
2.51189E+00 0.3954  0.0912 4.352E-23 1.407E+03 0.40024
2.45471E+00 0.4030  0.0980 4.538E-23 1.449E+03 0.40043
2.39883E+00 0.4105  0.1047 4.732E-23 1.492E+03 0.40063
2.34423E+00 0.4179  0.1114 4.932E-23 1.536E+03 0.40086
2.29087E+00 0.4252  0.1180 5.139E-23 1.580E+03 0.40113
2.23872E+00 0.4323  0.1246 5.353E-23 1.626E+03 0.40143
2.19000E+00 0.4391  0.1310 5.566E-23 1.670E+03 0.40176 K filter
2.18776E+00 0.4394  0.1312 5.576E-23 1.672E+03 0.40177
2.16560E+00 0.4425  0.1341 5.676E-23 1.693E+03 0.40194 Br gamma (7-4)
2.13796E+00 0.4463  0.1378 5.805E-23 1.719E+03 0.40216
2.12180E+00 0.4486  0.1399 5.883E-23 1.735E+03 0.40229 H2 1-0 S(1)
2.08930E+00 0.4531  0.1441 6.042E-23 1.767E+03 0.40258
2.04174E+00 0.4598  0.1505 6.287E-23 1.817E+03 0.40306
1.99526E+00 0.4664  0.1567 6.540E-23 1.867E+03 0.40358
1.94984E+00 0.4729  0.1629 6.802E-23 1.917E+03 0.40414
1.90546E+00 0.4794  0.1690 7.072E-23 1.969E+03 0.40476
1.87500E+00 0.4838  0.1732 7.267E-23 2.006E+03 0.40523 Pa alpha (4-3)
1.86209E+00 0.4857  0.1750 7.351E-23 2.022E+03 0.40543
1.81970E+00 0.4919  0.1809 7.640E-23 2.076E+03 0.40615
1.77828E+00 0.4980  0.1867 7.939E-23 2.131E+03 0.40692
1.73780E+00 0.5040  0.1926 8.247E-23 2.188E+03 0.40774
1.69824E+00 0.5099  0.1984 8.565E-23 2.246E+03 0.40861
1.65959E+00 0.5156  0.2041 8.894E-23 2.305E+03 0.40952
1.63000E+00 0.5200  0.2086 9.159E-23 2.351E+03 0.41027 H
1.62181E+00 0.5213  0.2099 9.234E-23 2.365E+03 0.41048
1.58489E+00 0.5268  0.2156 9.584E-23 2.426E+03 0.41148
1.54882E+00 0.5324  0.2214 9.946E-23 2.488E+03 0.41252
1.51356E+00 0.5378  0.2271 1.032E-22 2.551E+03 0.41359
1.47911E+00 0.5432  0.2330 1.070E-22 2.616E+03 0.41471
1.44544E+00 0.5484  0.2389 1.110E-22 2.682E+03 0.41587
1.41254E+00 0.5536  0.2450 1.152E-22 2.750E+03 0.41707
1.38038E+00 0.5587  0.2514 1.195E-22 2.820E+03 0.41833
1.34896E+00 0.5637  0.2579 1.239E-22 2.891E+03 0.41963
1.31826E+00 0.5686  0.2646 1.284E-22 2.964E+03 0.42099
1.28825E+00 0.5733  0.2716 1.332E-22 3.039E+03 0.42241
1.28180E+00 0.5744  0.2732 1.342E-22 3.056E+03 0.42273 Pa beta (5-3)
1.25893E+00 0.5781  0.2789 1.381E-22 3.116E+03 0.42389
1.23027E+00 0.5829  0.2865 1.432E-22 3.195E+03 0.42542
1.22000E+00 0.5846  0.2893 1.451E-22 3.224E+03 0.42600 J filter
1.20226E+00 0.5876  0.2942 1.485E-22 3.276E+03 0.42702
1.17490E+00 0.5922  0.3023 1.540E-22 3.360E+03 0.42868
1.14815E+00 0.5968  0.3106 1.598E-22 3.446E+03 0.43041
1.12202E+00 0.6013  0.3191 1.658E-22 3.535E+03 0.43221
1.09648E+00 0.6058  0.3277 1.720E-22 3.627E+03 0.43408
1.07152E+00 0.6103  0.3365 1.785E-22 3.721E+03 0.43601
1.04713E+00 0.6147  0.3453 1.852E-22 3.818E+03 0.43800
1.02329E+00 0.6190  0.3541 1.922E-22 3.918E+03 0.44006
1.00000E+00 0.6233  0.3629 1.995E-22 4.021E+03 0.44218
9.77237E-01 0.6274  0.3715 2.071E-22 4.126E+03 0.44435
9.54993E-01 0.6315  0.3800 2.149E-22 4.235E+03 0.44660
9.33254E-01 0.6355  0.3883 2.229E-22 4.346E+03 0.44891
9.12011E-01 0.6394  0.3963 2.312E-22 4.460E+03 0.45131
8.93000E-01 0.6427  0.4035 2.390E-22 4.567E+03 0.45358 z (SDSS)
8.91251E-01 0.6431  0.4042 2.398E-22 4.577E+03 0.45380
8.70964E-01 0.6466  0.4119 2.485E-22 4.699E+03 0.45640
8.65500E-01 0.6475  0.4139 2.510E-22 4.732E+03 0.45713 I_J filter
8.51138E-01 0.6499  0.4194 2.576E-22 4.824E+03 0.45913
8.31764E-01 0.6530  0.4267 2.669E-22 4.954E+03 0.46199
8.12831E-01 0.6559  0.4339 2.765E-22 5.089E+03 0.46501
8.02000E-01 0.6576  0.4381 2.823E-22 5.170E+03 0.46685 I_C filter
7.94328E-01 0.6587  0.4410 2.864E-22 5.228E+03 0.46819
7.76247E-01 0.6613  0.4480 2.966E-22 5.373E+03 0.47154
7.58578E-01 0.6638  0.4550 3.070E-22 5.522E+03 0.47505
7.48000E-01 0.6651  0.4592 3.136E-22 5.616E+03 0.47727 i (SDSS)
7.41310E-01 0.6660  0.4619 3.178E-22 5.678E+03 0.47872
7.24436E-01 0.6681  0.4687 3.289E-22 5.839E+03 0.48252
7.07946E-01 0.6699  0.4754 3.403E-22 6.008E+03 0.48645
6.91831E-01 0.6715  0.4820 3.520E-22 6.185E+03 0.49049
6.76083E-01 0.6728  0.4885 3.640E-22 6.371E+03 0.49460
6.60693E-01 0.6738  0.4949 3.764E-22 6.567E+03 0.49877
6.56200E-01 0.6741  0.4967 3.801E-22 6.627E+03 0.50001 H alpha (3-2)
6.49200E-01 0.6745  0.4995 3.860E-22 6.722E+03 0.50196 R_C filter
6.45654E-01 0.6747  0.5010 3.891E-22 6.771E+03 0.50295
6.41500E-01 0.6748  0.5027 3.927E-22 6.830E+03 0.50413 R_J filter
6.30957E-01 0.6753  0.5069 4.021E-22 6.984E+03 0.50715
6.16595E-01 0.6756  0.5126 4.154E-22 7.207E+03 0.51133
6.16500E-01 0.6756  0.5126 4.155E-22 7.209E+03 0.51136 r (SDSS) filter
6.02560E-01 0.6758  0.5181 4.290E-22 7.440E+03 0.51550



























