Sp Type		Te(K)	 V-K	 J-H	 H-K	 K-L	 K-L'	 K-M	
G0III		 5910	 1.75	 0.37	 0.07	 0.04	 0.05	 0.00
G4III		 5190	 2.05	 0.47	 0.08	 0.05	 0.06	-0.01
G6III		 5050	 2.15	 0.50	 0.09	 0.06	 0.07	-0.02
G8III		 4960	 2.16	 0.50	 0.09	 0.06	 0.07	-0.02
K0III		 4810	 2.31	 0.54	 0.10	 0.08	 0.07	-0.03
K1III		 4610	 2.50	 0.58	 0.10	 0.08	 0.09	-0.04
K2III		 4500	 2.70	 0.63	 0.12	 0.09	 0.10	-0.05
K3III		 4320	 3.00	 0.68	 0.14	 0.10	 0.12	-0.06
K4III		 4080	 3.26	 0.73	 0.15	 0.11	 0.14	-0.07
K5III		 3980	 3.60	 0.79	 0.17	 0.12	 0.16	-0.08
M0III		 3820	 3.85	 0.83	 0.19	 0.12	 0.17	-0.09
M1III		 3780	 4.05	 0.85	 0.21	 0.13	 0.17	-0.10
M2III		 3710	 4.30	 0.87	 0.22	 0.15	 0.19	-0.12
M3III		 3630	 4.64	 0.90	 0.24	 0.17	 0.20	-0.13
M4III		 3560	 5.10	 0.93	 0.25	 0.18	 0.21	-0.14
M5III		 3420	 5.96	 0.95	 0.29	 0.20	 0.22	-0.15
M6III		 3250	 6.84	 0.96	 0.30
M7III		 	     7.70	 0.96	 0.31

