SpType	Te(K) 	 V-K	 J-H	 H-K	 K-L	 K-L'	 K-M	
O6-O8V	38000	-0.91	-0.16	-0.04	-0.07	
O9V		33200	-0.87	-0.14	-0.04	-0.06
O9.5V	31450	-0.85	-0.13	-0.04	-0.06
B0V		29700	-0.83	-0.12	-0.04	-0.06
B1V		25600	-0.74	-0.10	-0.03	-0.05	
B2V		22300	-0.66	-0.09	-0.03	-0.05	
B3V		19000	-0.56	-0.08	-0.02	-0.05
B4V		17200	-0.49	-0.07	-0.02	-0.05
B5V		15400	-0.42	-0.06	-0.01	-0.04
B6V		14100	-0.36	-0.05	-0.01	-0.04
B7V		13000	-0.29	-0.03	-0.01	-0.04	
B8V		11800	-0.24	-0.03	 0.00	-0.04
B8V		10700	-0.13	-0.01	 0.00	-0.03	
A0V		 9480	 0.00	 0.00	 0.00	 0.00	 0.00	 0.00
A2V		 8810	 0.02	 0.01	 0.01	 0.01	 0.01	 0.01
A5V		 8160	 0.38	 0.06	 0.02	 0.02	 0.02	 0.03
A7V		 7930	 0.50	 0.09	 0.03	 0.03	 0.03	 0.03
F0V		 7020	 0.70	 0.13	 0.03	 0.03	 0.03	 0.03
F2V		 6750	 0.82	 0.17	 0.04	 0.03	 0.03	 0.03
F5V		 6530	 1.10	 0.23	 0.04	 0.04	 0.04	 0.02
F7V		 6240	 1.32	 0.29	 0.05	 0.04	 0.04	 0.02
G0V	   	 5930	 1.41	 0.31	 0.05	 0.05	 0.05	 0.01
G2V		 5830	 1.46	 0.32	 0.05	 0.05	 0.05	 0.01
G4V		 5740	 1.53	 0.33 	 0.06	 0.05	 0.05	 0.01
G6V		 5620	 1.64	 0.37	 0.06	 0.05	 0.05	 0.00
K0V		 5240	 1.96	 0.45	 0.08	 0.06	 0.06	-0.01
K2V		 5010	 2.22	 0.50	 0.09	 0.07	 0.07	-0.02
K4V		 4560	 2.63	 0.58	 0.11	 0.09	 0.10	-0.04
K5V		 4340	 2.85	 0.61	 0.11	 0.10	 0.11	
K7V		 4040	 3.16	 0.66	 0.15	 0.11	 0.13
M0V		 3800	 3.65	 0.67	 0.17	 0.14	 0.17	
M1V		 3680	 3.87	 0.66	 0.18	 0.15	 0.21
M2V		 3530	 4.11	 0.66	 0.20	 0.16	 0.23
M3V	   	 3380	 4.65 	 0.64	 0.23	 0.20	 0.32
M4V	  	 3180	 5.28	 0.62	 0.27	 0.23	 0.37	
M5V		 3030	 6.17	 0.62	 0.33	 0.29	 0.42
M6V		 2850	 7.37	 0.66	 0.38	 0.36	 0.48
