SpType	    Te	 V-K	 J-H	 H-K	 K-L	 K-L'	 K-M	
O9I		32500	-0.82	-0.05	-0.13	-0.08
B0I		26000	-0.69	-0.04	-0.10	-0.07
B1I		20700	-0.55	-0.03	-0.06	-0.07
B2I		17800	-0.40	-0.04	 0.00	-0.07	
B3I		15600	-0.28	-0.03	 0.03	-0.05
B4I		13900	-0.20	-0.01	 0.01	-0.01
B5I		13400	-0.13	 0.01	 0.00	 0.02
B6I		12700	-0.07	 0.04	-0.02	 0.03
B7I		12000	 0.01	 0.06	-0.02	 0.04
B8I		11200	 0.07	 0.07	-0.02	 0.05	
B9I		10500	 0.13	 0.08	-0.02	 0.06
A0I		 9730	 0.19	 0.09	-0.02	 0.07
A1I		 9230	 0.26	 0.11	-0.01	 0.07
A2I		 9080	 0.32	 0.12	-0.01	 0.08
A5I		 8510	 0.37	 0.10	 0.03	 0.05
F0I		 7700	 0.64	 0.15	 0.04	 0.06
F2I		 7170	 0.75	 0.18	 0.05	 0.06
F5I		 6640	 0.93	 0.22	 0.06	 0.07
F8I		 6100	 1.21	 0.28	 0.07	 0.07
G0I		 5510	 1.44	 0.33	 0.08	 0.08
G3I		 4980	 1.67	 0.38	 0.09	 0.08
G8I		 4590	 1.99	 0.43	 0.11	 0.09
K0I		 4420	 2.15	 0.46 	 0.12	 0.10
K1I		 4330	 2.28	 0.49	 0.13	 0.11
K2I		 4260	 2.43	 0.52	 0.13	 0.12
K3Iab	 4130	 2.90	 0.65	 0.11	 0.15	 
K5Iab	 3850	 3.50	 0.67	 0.14	 0.18
